TW 00 00 DL 00 00 00 TW 00 00 00 DL 00 00 TW
00 DW 00 00 00 TL 00 00 00 TL 00 00 00 DW 00
00 00 DW 00 00 00 DL 00 DL 00 00 00 DW 00 00
DL 00 00 DW 00 00 00 DL 00 00 00 DW 00 00 DL
00 00 00 00 DW 00 00 00 00 00 DW 00 00 00 00
00 TL 00 00 00 TL 00 00 00 TL 00 00 00 TL 00
00 00 DL 00 00 00 DL 00 DL 00 00 00 DL 00 00
TW 00 00 DL 00 00 00 -- 00 00 00 DL 00 00 TW
00 00 DL 00 00 00 DL 00 DL 00 00 00 DL 00 00
00 TL 00 00 00 TL 00 00 00 TL 00 00 00 TL 00
00 00 00 00 DW 00 00 00 00 00 DW 00 00 00 00
DL 00 00 DW 00 00 00 DL 00 00 00 DW 00 00 DL
00 00 DW 00 00 00 DL 00 DL 00 00 00 DW 00 00
00 DW 00 00 00 TL 00 00 00 Tl 00 00 00 DW 00
TW 00 00 DL 00 00 00 TW 00 00 00 Dl 00 00 TW